Not using SDP Attention
Not using SDP Attention
Not using SDP Attention
Not using SDP Attention
Not using SDP Attention
world_wps:
 [[0.7182798  0.26346734 0.70601857 1.        ]
 [0.6677864  0.11758091 0.66806924 1.        ]
 [0.7125633  0.21847606 0.6661011  1.        ]
 [0.67487794 0.13447037 0.66852605 1.        ]
 [0.6699704  0.02978482 0.6470388  1.        ]
 [0.7154848  0.22323748 0.67326236 1.        ]
 [0.6652107  0.11528546 0.6652044  1.        ]
 [0.69293916 0.15481879 0.6679443  1.        ]
 [0.70426023 0.17945445 0.66800356 1.        ]
 [0.7147622  0.23307538 0.67021704 1.        ]
 [0.67402136 0.13723758 0.67067623 1.        ]
 [0.66806203 0.04861227 0.64873827 1.        ]
 [0.68864053 0.12134493 0.66354513 1.        ]
 [0.7072086  0.17877421 0.6697266  1.        ]
 [0.71548986 0.22962865 0.6741228  1.        ]]
